0
14
0
0
0
0
0
0
0
0
0
0
0
0
0
0
0
0
0
0
0
0
0
0
0
0
11
61
0
0
0
0
0
0
0
0
0
0
0
0
0
0
0
0
0
0
0
0
0
0
0
0
0
0
0
0
0
0
0
0
0
0
0
0
0
0
0
0
0
0
0
0
0
0
0
0
0
0
0
0
0
0
0
0
0
0
0
0
0
0
0
0
0
0
0
0
0
0
0
0
0
0
0
0
0
0
0
0
0
0
0
0
0
0
0
0
0
0
0
0
0
0
0
0
0
0
0
0
0
0
0
0
0
0
0
0
0
0
0
0
0
0
0
0
0
0
0
0
0
0
0
0
0
0
0
0
0
0
0
0
0
0
0
0
0
0
0
0
0
0
0
0
0
0
0
0
80
0
0
127
64
107
0
0
0
0
0
0
0
0
0.000133336
0.000266671
0.000400007
0.000533342
0.000666678
0.000800014
0.000933349
0.00106668
0.00120002
0.00133336
0.00146669
88
61
127
25
120
126
33
0.00253338
0
0
0
0
0
0
0
0.00360006
0
0
0
0
0
0
0
0.00466675
0.00480008
86
127
47
127
102
125
0.00573343
0.00586677
0.0060001
0.00613344
0.00626677
0.00640011
0.00653344
0.00666678
0.00683345
0.00700012
0.00716679
0.00733346
0.00750013
0.0076668
0.00783347
0.00800014
0.0081668
0.00833347
0.00850014
0.00866681
0.00883348
0.00900015
0.00916682
0.00933349
0.00950016
0.00966683
0.0098335
0.0100002
0.0101668
0.0103335
0.0105002
0.0106668
0.0108335
0.0110002
0.0111669
0.0113335
0.0115002
0.0116669
0.0118335
0.0120002
0.0121669
0.0123335
0.0125002
0.0126669
0.0128336
0.0130002
0.0131669
0.0133336
0.0135558
0.013778
0.0140002
0.0142225
0.0144447
0.0146669
0.0148891
0.0151114
0.0153336
0.0155558
0.015778
0.0160003
0.0162225
0.0164447
0.0166669
0.0168892
0.0171114
0.0173336
0.0175558
0.0177781
0.0180003
0.0182225
0.0184448
0.018667
0.0188892
0.0191114
0.0193337
0.0195559
0.0197781
0.0200003
0.0203337
0.020667
0.0210004
0.0213337
0.021667
0.0220004
0.0223337
0.0226671
0.0230004
0.0233337
0.0236671
0.0240004
0.0243337
0.0246671
0.0250004
0.0253338
0.0256671
0.0260004
0.0263338
0.0266671
0.0266671
0.0266671
0.0266671
0.0266671
0.0266671
0.0266671
0.0266671
0.0266671
0.0266671
0.0266671
0.0266671
0.0266671
0.0266671
0.0266671
0.0266671
0.0266671
0.0266671
0.0266671
0.0266671
0.0266671
0.0266671
0.0266671
0.0266671
0.0266671
0.0266671
0.0266671
0.0266671
0.0266671
0.0266671
0.0266671
0.0266671
0.0266671
0.0266671
0.0266671
0.0266671
0.0266671
0.0266671
0.0266671
0.0266671
0.0266671
0.0266671
0.0266671
0.0266671
0.0266671
0.0266671
0.0266671
0.0266671
0.0266671
0.0266671
0.0266671
0.0266671
0.0266671
0.0266671
0.0266671
0.0266671
0.0266671
0.0266671
0.0266671
0.0266671
0.0266671
0.0266671
0.0266671
0.0266671
0.0266671
0.0266671
0.0266671
0.0266671
0.0266671
0.0266671
0.0266671
0.0266671
0.0266671
0.0266671
0.0266671
0.0266671
0.0266671
0.0266671
0.0266671
0.0266671
0.0266671
0.0266671
0.0266671
0.0266671
0.0266671
0.0266671
0.0266671
0.0266671
0.0266671
0.0266671
0.0266671
0.0266671
0.0266671
0.0266671
0.0266671
0.0266671
0.0266671
0.0266671
0.0266671
0.0266671
0.0266671
0.0266671
0.0266671
0.0266671
0.0266671
0.0266671
0.0266671
0.0266671
0.0266671
0.0266671
0.0266671
0.0266671
0.0266671
0.0266671
0.0266671
0.0266671
0.0266671
0.0266671
0.0266671
0.0266671
0.0266671
0.0266671
0.0266671
0.0266671
0.0266671
0.0266671
0.0266671
0.0266671
0.0266671
0.0266671
0.0266671
0.0266671
0.0266671
0.0266671
0.0266671
0.0266671
0.0266671
0.0266671
0.0266671
0.0266671
0.0266671
0.0266671
0.0266671
0.0266671
0.0266671
0.0266671
0.0266671
0.0266671
0.0266671
0.0266671
0.0266671
0.0266671
0.0266671
0.0266671
0.0266671
0.0266671
0.0266671
0.0266671
0.0266671
0.0266671
0.0266671
0
0
0
0
0
0
0
0
0
0
0
0
0
0
0
0
0
0
0
0
0
0
0
0
0
0
0
0
0
0
0
0
0
0
0
0
0
0
0
0
0
0
0
0
0
0
0
0
0
0
0
0
0
0
0
0
0
0
0
0
0
0
0
0
0
0
0
0
0
0
0
0
0
0
0
0
0
0
0
0
0
0
0
0
0
0
0
0
0
0
0
0
0
0
0
0
0
0
0
0
0
0
0
0
0
0
0
0
0
0
0
0
0
0
0
0
0
0
0
0
0
0
0
0
0
0
0
0
0
0
0
0
0
0
0
0
0
0
0
0
0
0
0
0
0
0
0
0
0
0
0
0
0
0
0
0
0
0
0
0
0
0
0
0
0
0
0
0
0
0
0
0
0
0
0
0
0
0
0
0
0
0
0
0
0
0
0
0
0
0
0
0
0
0
0
0
0
0
0
0
0
0
0
0
0
0
0
0
0
0
0
0
0
0
0
0
0
0
0
0
0
0
0
0
0
0
0
0
0
0
0
0
0
0
0
0
0
0
0
0
0
0
0
0
0
0
0
0
0
0
0
0
0
0
0
0
0
0
0
0
0
0
0
0
0
0
0
0
0
0
0
0
0
0
0
0
0
0
0
0
0
0
0
0
0
0
0
0
0
0
0
0
0
0
0
0
0
0
0
0
0
0
0
0
0
0
0
0
0
0
0
27
127
52
127
90
127
0
127
0
0
0
0
0
0
0
0
0
0
0
0
0
0
0
0
0
0
127
127
0
127
0
45
23
0
0
0
0
0
0
0
0
0
0
0
0
0
0
0
0
0
0
0
0
0
0
0
0
0
0
0
0
0
0
0
0
0
0
0
0
0
0
0
0
0
0
0
0
0
0
0
0
0
0
0
0
0
0
0
0
0
0
0
0
0
0
0
0
0
0
0
0
0
0
0
0
0
0
0
0
0
0
0
0
0
0
0
0
0
0
0
0
0
0
0
0
0
0
0
0
0
0
0
0
0
0
0
0
0
0
0
0
0
0
0
0
0
0
0
0
0
0
0
0
0
0
0
0
0
0
0
0
0
0
0
0
0
0
0
0
0
0
0
0
0
0
0
0
0
0
0
0
0
0
0
0
0
0
0
0
0
0
0
0
0
0
0
0
0
0
0
0
0
0
0
0
0
0
0
0
0
0
0
0
0
0
0
0
0
0
0
0
0
0
0
0
0
0
0
0
0
0
0
0
0
0
0
0
0
0
0
0
0
0
0
0
0
0
0
0
0
0
0
0
0
0
0
0
0
0
0
0
0
0
0
0
0
0
0
0
0
0
0
0
0
0
0
0
0
0
0
0
0
0
0
0
0
0
0
0
0
0
0
0
0
0
0
0
0
0
0
0
0
0
0
0
0
0
0
0
0
0
0
0
0
0
0
0
0
0
0
0
0
0
0
0
0
0
0
0
0
0
0
0
0
0
0
0
0
0
0
0
0
0
0
0
0
0
0
0
0
0
0
0
0
0
0
0
0
0
0
0
0
0
0
0
0
0
0
0
0
0
0
0
0
0
0
0
0
0
0
0
0
0
0
0
0
0
0
0
0
0
0
0
0
0
0
0
0
0
0
0
0
0
0
0
0
0
0
0
0
0
0
0
0
0
0
0
0
0
0
0
0
0
0
0
0
0
0
0
0
0
0
0
0
0
0
0
0
0
0
0
0
0
0
0
0
0
0
0
0
0
0
0
0
0
0
0
0
0
0
0
0
0
0
0
0
0
0
0
0
0
0
0
0
0
0
0
0
0
0
0
0
0
0
0
0
0
0
0
0
0
0
0
0
0
0
0
0
0
0
0
0
0
0
0
0
0
0
0
0
0
0
0
0
0
0
0
0
0
0
0
0
0
0
0
0
0
0
0
0
0
0
0
0
0
0
0
0
0
0
0
0
0
0
0
0
0
0
0
0
0
0
0
0
0
0
0
0
0
0
0
0
0
0
0
0
0
0
0
0
0
0
0
0
0
0
0
0
0
0
0
0
0
0
0
0
0
0
0
0
0
0
0
0
0
0
0
0
0
0
127
127
0
0
0
0
0
0
0
0
0
0
0
0
0
0
0
0
0
0
0
0
0
0
0
0
0
0
0
0
0
0
0
0
0
0
0
0
0
0
0
0
0
0
0
0
0
0
0
0
0
0
0
0
0
0
0
0
0
0
0
0
0
0
0
0
0
0
0
0
0
0
0
0
0
0
0
0
0
0
0
0
0
0
0
0
0
0
0
0
0
0
0
0
0
0
0
0
0
0
0
0
0
0
0
0
0
0
0
0
0
0
0
0
0
0
0
0
0
0
0
0
0
0
0
0
0
0
0
0
0
0
0
0
0
0
0
0
0
0
0
0
0
0
0
0
0
0
0
0
0
0
0
0
0
0
0
0
0
0
0
0
0
0
0
0
0
0
0
0
0
0
0
0
0
0
0
0
0
0
0
0
0
0
0
0
0
0
0
0
0
0
0
0
0
0
0
0
0
0
12
0
0
0
0
0
0
0
0
0
0
0
0
0
0
0
0
0
0
0
0
0
0
0
0
0
0
0
0
0
0
0
0
0
0
0
0
0
0
0
0
0
0
0
0
0
0
0
0
0
0
0
0
0
0
0
0
0
0
0
0
0
0
0
0
0
0
0
0
0
0
0
0
0
0
0
0
0
0
0
0
0
0
0
0
0
0
0
0
0
0
0
0
0
0
0
0
0
0
0
0
0
0
0
0
0
0
0
0
0
0
0
0
0
0
0
0
0
0
0
0
0
0
0
0
0
0
0
0
0
0
0
0
0
0
0
0
0
0
0
0
0
0
0
0
0
0
0
0
0
0
0
0
0
0
0
0
0
0
0
0
0
0
0
0
0
0
0
0
0
0
0
0
0
0
0
0
0
127
0
0
0
0
0
0
0
0
0
0
0
0
0
0
0
0
0
0
0
0
0
19
102
87
127
127
127
0
0
0
0
0
0
0
0
0
0
0
0
0
0
0
0
0
0
0
0
0
0
0
0
0
0
0
0
0
0
0
0
0
0
0
0
0
0
0
0
0
0
0
0
0
0
0
0
0
0
0
0
0
0
0
0
0
0
0
0
0
0
0
0
0
0
0
0
0
0
0
0
0
0
0
0
0
0
0
0
0
0
0
0
0
0
0
0
0
0
0
0
0
0
0
0
0
0
0
0
0
0
0
0
0
0
0
0
0
0
0
0
0
0
0
0
0
0
0
0
0
0
0
0
0
0
0
0
0
0
0
0
0
0
0
0
0
0
0
0
0
0
0
0
0
0
0
0
0
0
0
0
0
0
0
0
0
0
0
0
0
0
0
0
0
0
0
0
0
0
0
0
0
0
0
0
0
0
0
0
0
0
0
0
0
0
0
0
0
0
0
0
0
0
0
0
0
0
0
0
0
0
0
0
0
0
0
0
0
0
0
0
0
0
0
0
0
0
0
0
0
0
0
0
0
0
0
0
0
0
0
0
0
0
0
0
0
0
0
0
0
0
0
0
0
0
0
0
0
0
0
0
0
0
0
0
0
0
0
0
0
0
0
0
0
0
0
0
0
0
0
0
0
0
0
0
0
0
0
0
0
0
0
0
0
0
0
0
0
0
0
0
0
0
0
0
0
0
0
0
0
0
0
0
0
0
0
0
0
0
0
0
0
0
0
0
0
0
0
0
0
0
0
0
0
0
0
0
0
0
0
0
0
0
0
0
0
0
0
0
0
0
0
0
0
0
0
0
0
0
0
0
0
0
0
0
0
0
0
0
0
0
0
0
0
0
0
0
0
0
0
0
0
0
0
0
0
0
0
0
0
0
0
0
0
0
0
0
0
0
0
0
0
0
0
0
0
0
0
0
0
0
0
0
0
0
0
0
0
0
0
0
0
0
0
0
0
0
0
0
0
0
0
0
0
0
0
0
0
0
0
0
0
0
0
0
0
0
0
0
0
0
0
0
0
0
0
0
0
0
0
0
0
0
0
0
0
0
0
0
0
0
0
0
0
0
0
0
0
0
0
0
0
0
0
0
0
0
0
0
0
0
0
0
0
0
0
0
0
0
0
0
0
0
0
0
0
0
0
0
0
0
0
0
0
0
0
0
0
0
0
0
0
0
0
0
0
0
0
0
0
0
0
0
0
0
0
0
0
0
0
0
0
0
0
0
0
0
0
0
0
0
0
0
0
0
0
0
0
0
0
0
0
0
0
0
0
0
0
0
0
0
0
0
0
0
0
0
0
0
0
0
0
0
0
0
0
0
0
0
0
0
0
0
0
0
0
0
0
0
0
0
0
0
0
117
97
0
0
0
0
127
0
0
0
0
0
0
0
0
0
0
0
0
0
0
0
0
0
0
0
0
0
0
0
0
0
0
0
0
0
0
0
0
0
0
0
0
0
0
0
0
0
0
0
0
0
0
0
0
0
0
0
0
0
0
0
0
0
0
0
0
0
0
0
0
0
0
0
0
0
0
0
0
0
0
0
0
0
0
0
0
0
0
0
0
0
0
0
0
0
0
0
0
0
0
0
0
0
0
0
0
0
0
0
0
0
0
0
0
0
0
0
0
0
0
0
0
0
0
0
0
0
0
0
0
0
0
0
0
0
0
0
0
0
0
0
0
0
0
0
0
0
0
0
0
0
0
0
0
0
0
0
0
0
0
0
0
0
0
0
0
0
0
0
0
0
0
0
0
0
0
0
0
0
0
0
0
0
0
0
0
0
0
0
0
0
0
0
0
0
0
0
0
0
0
0
0
0
0
0
0
0
0
0
0
0
0
0
0
0
0
0
0
0
0
0
0
0
0
0
0
0
0
0
0
0
0
0
0
0
0
0
0
0
0
0
0
0
0
0
0
0
0
0
0
0
0
0
0
0
0
0
0
0
0
0
0
0
0
0
0
0
0
0
0
0
0
0
0
0
0
0
0
0
0
0
0
0
0
0
0
0
0
0
0
0
0
0
0
0
0
0
0
0
0
0
0
0
0
0
0
0
0
0
0
0
0
0
0
0
0
0
0
0
0
0
0
0
0
0
0
0
0
0
0
0
0
0
0
0
0
0
0
0
0
0
0
0
0
0
0
0
0
0
0
0
0
0
0
0
0
0
0
0
0
0
0
0
0
0
0
0
0
0
0
0
0
0
0
0
0
0
0
0
0
0
0
0
0
0
0
0
0
0
0
0
0
0
0
0
0
0
0
0
0
0
0
0
0
0
0
0
0
0
0
0
0
0
0
0
0
0
0
0
0
0
0
0
0
0
0
0
0
0
0
0
0
0
0
0
0
0
0
0
0
0
0
0
0
0
0
0
0
0
0
0
0
0
0
0
0
0
0
0
0
0
0
0
0
0
0
0
0
0
0
0
0
0
0
0
0
0
0
0
0
0
0
0
0
0
0
0
0
0
0
0
0
0
0
0
0
0
0
0
0
0
0
0
0
0
0
0
0
0
0
0
0
0
0
0
0
0
0
0
0
0
0
0
0
0
0
0
0
0
0
0
0
0
0
0
0
0
0
0
0
0
0
0
0
0
0
0
0
0
0
0
0
0
0
0
0
0
0
0
0
0
0
0
0
0
0
0
0
0
0
0
0
0
0
0
0
0
0
0
0
0
0
0
0
0
0
0
0
0
0
0
0
0
0
0
0
0
0
127
127
0
0
0
0
0
0
0
0
0
0
0
0
0
0
0
0
0
0
0
0
0
0
0
0
0
0
0
0
0
0
0
0
0
0
0
0
0
0
0
0
0
0
0
0
0
0
0
0
0
0
0
0
0
0
0
0
0
0
0
0
0
0
0
0
0
0
0
0
0
0
0
0
0
0
0
0
0
0
0
0
0
0
0
0
0
0
0
0
0
0
0
0
0
0
0
0
0
0
0
0
0
0
0
0
0
0
0
0
0
0
0
0
0
0
0
0
0
0
0
0
0
0
0
0
0
0
0
0
0
0
0
0
0
0
0
0
0
0
0
0
0
0
0
0
0
0
0
0
0
0
0
0
0
0
0
0
0
0
0
0
0
0
0
0
0
0
0
0
0
0
0
0
0
0
0
0
0
0
0
0
0
0
0
0
0
0
0
0
0
0
0
0
0
0
0
0
0
0
0
0
0
0
0
0
0
0
0
0
0
0
0
0
0
0
0
0
0
0
0
0
0
0
0
0
0
0
0
0
0
0
0
0
0
0
0
0
0
0
0
0
0
0
0
0
0
0
0
0
0
0
0
0
0
0
0
0
0
0
0
0
0
0
0
0
0
0
0
0
0
0
0
0
0
0
0
0
0
0
0
0
0
0
0
0
0
0
0
0
0
0
0
0
0
0
0
0
0
0
0
0
0
0
0
0
0
0
0
0
0
0
0
0
0
0
0
0
0
0
0
0
0
0
0
0
0
0
0
0
0
0
0
0
0
0
0
0
0
0
0
0
0
0
0
0
0
0
0
0
0
0
0
0
0
0
0
0
0
0
0
0
0
0
0
0
0
0
0
0
0
0
0
0
0
0
0
0
0
0
0
0
0
0
0
0
0
0
0
0
0
0
0
0
0
0
0
0
0
0
0
0
0
0
0
0
0
0
0
0
0
0
0
0
0
0
0
0
0
0
0
0
0
0
0
0
0
0
0
0
0
0
0
0
0
0
0
0
0
0
0
0
0
0
0
0
0
0
0
0
0
0
0
0
0
0
0
0
0
0
0
0
0
0
0
0
0
0
0
0
0
0
0
0
0
0
0
0
0
0
0
0
0
0
0
0
0
0
0
0
0
0
0
0
0
0
0
0
0
0
0
0
0
0
0
0
0
0
0
0
0
0
0
0
0
0
0
0
0
0
0
0
0
0
0
0
0
0
0
0
0
0
0
0
0
0
0
0
0
0
0
0
0
0
0
0
0
0
0
0
0
0
0
0
0
0
0
0
0
0
0
0
0
0
0
0
0
0
0
0
0
0
0
0
0
0
0
0
0
0
0
0
0
0
0
0
0
0
0
0
0
0
0
0
0
0
0
0
0
0
0
0
0
0
0
0
0
0
0
0
0
0
0
0
0
0
0
0
0
0
0
0
0
0
0
0
0
0
0
0
0
0
0
0
0
0
0
0
0
0
0
0
0
0
0
0
0
0
0
0
0
0
0
0
0
0
0
0
0
0
0
0
0
0
0
0
0
0
0
0
0
0
0
0
0
0
0
0
0
0
0
0
0
0
0
0
0
0
0
0
0
0
0
0
0
0
0
0
0
0
0
0
0
0
0
0
0
0
0
0
0
0
0
0
0
0
0
0
0
0
0
0
0
0
0
0
0
0
0
0
0
0
0
0
0
0
0
0
0
0
0
0
0
0
0
0
0
0
0
0
0
0
0
0
0
0
0
0
0
0
0
0
0
0
0
0
0
0
0
0
0
0
0
0
0
0
0
0
0
0
0
0
0
0
0
0
0
0
0
0
0
0
0
0
0
0
0
0
0
0
0
0
0
0
0
0
0
0
0
0
0
0
0
0
0
0
0
0
0
-0.00666666
-0.00666666
-0.00666666
-0.00666666
-0.00666666
-0.00666666
-0.00666666
-0.00666666
-0.00666666
-0.00666666
-0.00666666
-0.00666666
-0.00666666
-0.00666666
-0.00666666
-0.00666666
-0.00666666
-0.00666666
-0.00666666
-0.00666666
-0.00666666
-0.00666666
-0.00666666
-0.00666666
-0.00666666
-0.00666666
-0.00666666
-0.00666666
-0.00666666
-0.00666666
-0.00666666
-0.00666666
-0.00666666
-0.00666666
-0.00666666
-0.00666666
-0.00666666
-0.00666666
-0.00666666
-0.00666666
-0.00666666
-0.00666666
-0.00666666
-0.00666666
-0.00666666
-0.00666666
-0.00666666
-0.00666666
-0.00666666
-0.00666666
-0.00666666
-0.00666666
-0.00666666
-0.00666666
-0.00666666
-0.00666666
-0.00666666
-0.00666666
-0.00666666
-0.00666666
-0.00666666
-0.00666666
-0.00666666
-0.00666666
-0.00666666
-0.00666666
-0.00666666
-0.00666666
-0.00666666
-0.00666666
-0.00666666
-0.00666666
-0.00666666
-0.00666666
-0.00666666
-0.00666666
-0.00666666
-0.00666666
-0.00666666
-0.00666666
-0.00666666
-0.00666666
-0.00666666
-0.00666666
-0.00666666
-0.00666666
-0.00666666
-0.00666666
-0.00666666
-0.00666666
-0.00666666
-0.00666666
-0.00666666
-0.00666666
-0.00666666
-0.00666666
-0.00666666
-0.00666666
-0.00666666
-0.00666666
-0.00666666
-0.00666666
-0.00666666
-0.00666666
-0.00666666
-0.00666666
-0.00666666
-0.00666666
-0.00666666
-0.00666666
-0.00666666
-0.00666666
-0.00666666
-0.00666666
-0.00666666
-0.00666666
-0.00666666
-0.00666666
-0.00666666
-0.00666666
-0.00666666
-0.00666666
-0.00666666
-0.00666666
-0.00666666
-0.00666666
-0.00666666
-0.00666666
-0.00666666
-0.00666666
-0.00666666
-0.00666666
-0.00666666
-0.00666666
-0.00666666
-0.00666666
-0.00666666
-0.00666666
-0.00666666
-0.00666666
-0.00666666
-0.00666666
-0.00666666
-0.00666666
-0.00666666
-0.00666666
-0.00666666
-0.00666666
-0.00666666
-0.00666666
-0.00666666
-0.00666666
-0.00666666
-0.00666666
-0.00666666
-0.00666666
-0.00666666
-0.00666666
-0.00666666
-0.00666666
-0.00666666
-0.00666666
-0.00666666
-0.00666666
-0.00666666
-0.00666666
-0.00666666
-0.00666666
-0.00666666
-0.00666666
-0.00666666
-0.00666666
-0.00666666
-0.00666666
-0.00666666
-0.00666666
-0.00666666
-0.00666666
-0.00666666
-0.00666666
-0.00666666
-0.00666666
-0.00666666
-0.00666666
-0.00666666
-0.00666666
-0.00666666
-0.00666666
-0.00666666
-0.00666666
-0.00666666
-0.00666666
-0.00666666
-0.00666666
-0.00666666
-0.00666666
-0.00666666
-0.00666666
-0.00666666
-0.00666666
-0.00666666
-0.00666666
-0.00666666
-0.00666666
-0.00666666
-0.00666666
-0.00666666
-0.00666666
-0.00666666
-0.00666666
-0.00666666
-0.00666666
-0.00666666
-0.00666666
-0.00666666
-0.00666666
-0.00666666
-0.00666666
-0.00666666
-0.00666666
-0.00666666
-0.00666666
-0.00666666
-0.00666666
-0.00666666
-0.00666666
-0.00666666
-0.00666666
-0.00666666
-0.00666666
-0.00666666
-0.00666666
-0.00666666
-0.00666666
-0.00666666
-0.00666666
-0.00666666
-0.00666666
-0.00666666
-0.00666666
-0.00666666
-0.00666666
-0.00666666
-0.00666666
-0.00666666
-0.00666666
-0.00666666
-0.00666666
-0.00666666
-0.00666666
-0.00666666
-0.00666666
-0.00666666
-0.00666666
-0.00666666
-0.00666666
-0.00666666
-0.00666666
-0.00666666
-0.00666666
-0.00666666
-0.00666666
-0.00666666
-0.00666666
-0.00666666
-0.00666666
-0.00666666
-0.00666666
-0.00666666
-0.00666666
-0.00666666
-0.00666666
-0.00666666
-0.00666666
-0.00666666
-0.00666666
-0.00666666
-0.00666666
-0.00666666
-0.00666666
-0.00666666
-0.00666666
-0.00666666
-0.00666666
-0.00666666
-0.00666666
-0.00666666
-0.00666666
-0.00666666
-0.00666666
-0.00666666
-0.00666666
-0.00666666
-0.00666666
-0.00666666
-0.00666666
-0.00666666
-0.00666666
-0.00666666
-0.00666666
-0.00666666
0
0
0
0
0
0
0
0
0
0
0
0
0
0
0
0
0
0
0
0
0
0
0
0
0
0
0
0
0
0
0
0
0
0
0
0
0
0
0
0
0
0
0
0
0
0
0
0
0
0
0
0
0
0
0
0
0
0
0
0
0
0
0
0
0
0
0
0
0
0
0
0
0
0
0
0
0
0
0
0
0
0
0
0
0
0
0
0
0
0
0
0
0
0
0
0
0
0
0
0
0
0
0
0
0
0
0
0
0
0
0
0
0
0
0
0
0
0
0
0
0
0
0
0
0
0
0
0
0
0
0
0
0
0
0
0
0
0
0
0
0
0
0
0
0
0
0
0
0
0
0
0
0
0
0
0
0
0
0
0
0
0
0
0
0
0
0
0
0
0
0
0
0
0
0
0
0
0
0
0
0
0
0
0
0
0
0
0
0
0
0
0
0
0
0
0
0
0
0
0
0
0
0
0
0
0
0
0
0
0
0
0
0
0
0
0
0
0
0
0
0
0
0
0
0
0
0
0
0
0
0
0
0
0
0
0
0
0
0
0
0
0
0
0
0
0
0
0
0
0
0
0
0
0
0
0
0
0
0
0
0
0
0
0
0
0
0
0
0
0
0
0
0
0
0
0
0
0
0
0
0
0
0
0
0
0
0
0
0
0
0
0
0
0
0
0
0
0
0
0
0
0
0
0
0
0
0
0
0
0
0
0
0
0
0
0
0
0
0
0
0
0
0
0
0
0
0
0
0
0
0
0
0
0
0
0
0
0
0
0
0
0
0
0
0
0
0
0
0
0
0
0
0
0
0
0
0
0
0
0
0
0
0
0
0
0
0
0
0
0
0
0
0
0
0
0
0
0
0
0
0
0
0
0
0
0
0
0
0
0
0
0
0
0
0
0
0
0
0
0
0
0
0
0
0
0
0
0
0
0
0
0
0
0
0
0
0
0
0
0
0
0
0
0
0
0
0
0
0
0
0
0
0
0
0
0
0
0
0
0
0
0
0
0
0
0
0
0
0
0
0
0
0
0
0
0
0
0
0
0
0
0
0
0
0
0
0
0
0
0
0
0
0
0
0
0
0
0
0
0
0
0
0
0
0
0
0
0
0
0
0
0
0
0
0
0
0
0
0
0
0
0
0
0
0
0
0
0
0
0
0
0
0
0
0
0
0
0
0
0
0
0
0
0
0
0
0
0
0
0
0
0
0
0
0
0
0
0
0
0
0
0
0
0
0
0
0
0
0
0
0
0
0
0
0
0
0
0
0
0
0
0
0
0
0
0
0
0
0
0
0
0
0
0
0
0
0
0
0
0
0
0
0
0
0
0
0
0
0
0
0
0
0
0
0
0
0
0
0
0
0
0
0
0
0
0
0
0
0
0
0
0
0
0
0
0
0
0
0
0
0
0
0
0
0
0
0
0
0
0
0
0
0
0
0
0
0
0
0
0
0
0
0
0
0
0
0
0
0
0
0
0
0
0
0
0
0
0
0
0
0
0
0
0
0
0
0
0
0
0
0
0
0
0
0
0
0
0
0
0
0
0
0
0
0
0
0
0
0
0
0
0
0
0
0
0
0
0
0
0
0
0
0
0
0
0
0
0
0
0
0
0
0
0
0
0
0
0
0
0
0
0
0
0
0
0
0
0
0
0
0
0
0
0
0
0
0
0
0
0
0
0
0
0
0
0
0
0
0
0
0
0
0
0
0
0
0
0
0
0
0
0
0
0
0
0
0
0
0
0
0
0
0
0
0
0
0
0
0
0
0
0
0
0
0
0
0
0
0
0
0
0
0
0
0
0
0
0
0
0
0
0
0
0
0
0
0
0
0
0
0
0
0
0
0
0
0
0
0
0
0
0
0
0
0
0
0
0
0
0
0
0
0
0
0
0
0
0
0
0
0
0
0
0
0
0
0
0
0
0
0
0
0
0
0
0
0
0
0
0
0
0
0
0
0
0
0
0
0
0
0
0
0
0
0
0
0
0
0
