68.3846
0
0
0
0
0
0
0
0
0
0
0
0
0
0
0
0
102.577
127
127
86.2949
96.0641
0
127
76.5256
127
0
0
26.0513
0
0
26.0513
0
0
127
127
110.718
127
127
127
127
127
0
19.5385
19.5385
52.1026
68.3846
127
0
0
0
0
87.9231
58.6154
0
110.718
0
0
58.6154
52.1026
52.1026
58.6154
65.1282
52.1026
61.8718
65.1282
0
0
0
0
127
45.5897
127
0
127
48.8462
127
6
7
0
0
0
0
0
0
0
0
0
0
0
0
0
0
0
0
0
0
0
0
0
0
0
0
0
0
0
0
0
0
0
0
0
0
0
0
0
0
0
0
0
0
0
0
0
0
0
0
0
0
0
0
0
0
0
0
0
0
0
0
0
0
0
0
0
0
0
0
0
0
0
0
0
0
0
0
0
0
0
0
0
0
0
0
0
0
0
0
0
0
0
0
0
0
0
0
0
0
0
0
0
0
0
0
0
0
0
0
0
0
0
0
0
0
0
0
0
0
0
0
0
0
0
0
0
0
0
0
0
0
0
0
0
0
0
0
0
0
0
0
0
0
0
0
0
0
0
0
0
0
0
0
0
0
0
0
0
0
0
0
0
0
0
0
0
0
0
0
0
0
0
0
0
0
0
0
0
