68.3846
0
0
0
0
0
0
0
0
0
0
0
0
0
0
0
0
100.949
127
127
86.2949
56.9872
112.346
127
76.5256
102.395
0
0
0
0
26.0513
0
0
0
127
127
127
127
127
127
127
127
0
0
0
0
94.4359
29.3077
0
0
0
0
0
0
0
0
0
0
58.6154
52.1026
32.5641
58.6154
65.1282
52.1026
61.8718
65.1282
0
0
0
0
127
45.5897
127
0
127
45.5897
127
6
7
0
0
0
0
0
0
0
0
0
0
0
0
0
0
0
0
0
0
0
0
0
0
0
0
0
0
0
0
0
0
0
0
0
0
0
0
0
0
0
0
0
0
0
0
0
0
0
0
0
0
0
0
0
0
0
0
0
0
0
0
0
0
0
0
0
0
0
0
0
0
0
0
0
0
0
0
0
0
0
0
0
0
0
0
0
0
0
0
0
0
0
0
0
0
0
0
0
0
0
0
0
0
0
0
0
0
0
0
0
0
0
0
0
0
0
0
0
0
0
0
0
0
0
0
0
0
0
0
0
0
0
0
0
0
0
0
0
0
0
0
0
0
0
0
0
0
0
0
0
0
0
0
0
0
0
0
0
0
0
0
0
0
0
0
0
0
0
0
0
0
0
0
0
0
0
0
0
